# Nodes with an all-zero genre one-hot in the source imdb5k.mat; the shipped IMDB.label assigns them class 0 as filler. Excluded from train/test sampling by src/prepare.py.
6
8
19
22
23
32
34
37
40
42
48
54
55
57
60
63
66
69
77
78
86
89
90
92
95
98
102
105
106
109
113
114
117
118
121
124
128
130
132
137
143
144
145
146
147
155
173
174
176
177
178
179
180
184
185
186
187
193
194
196
197
199
203
204
205
219
223
224
234
237
238
242
250
252
253
254
257
258
261
267
268
271
272
273
279
283
284
291
292
296
297
298
301
302
309
310
317
320
322
328
329
332
340
345
346
347
351
353
355
356
358
362
366
370
371
376
377
383
384
389
390
393
395
396
398
403
404
405
411
415
419
426
431
434
435
440
444
446
449
453
456
457
458
463
464
469
470
484
486
490
493
494
497
498
500
501
505
506
507
508
510
513
521
523
528
529
537
547
552
560
562
565
569
570
573
574
575
576
580
583
588
592
596
597
610
613
617
618
619
622
625
636
638
640
648
673
677
678
681
682
690
692
696
698
699
704
710
713
720
725
728
729
736
740
744
748
754
755
756
760
764
765
769
771
772
775
776
779
782
784
785
788
792
798
817
819
825
831
844
846
848
849
855
856
860
865
869
870
874
881
883
884
886
890
898
899
903
905
906
907
912
915
916
924
925
931
933
935
941
942
943
949
950
954
961
965
968
975
977
985
987
990
992
993
995
996
998
1000
1012
1016
1017
1018
1020
1021
1025
1026
1028
1032
1033
1036
1052
1053
1054
1057
1058
1059
1061
1068
1069
1074
1078
1081
1084
1092
1093
1098
1099
1109
1112
1115
1116
1128
1132
1134
1139
1141
1142
1149
1156
1158
1159
1163
1167
1168
1171
1172
1174
1175
1176
1177
1179
1183
1184
1185
1190
1191
1194
1202
1206
1211
1213
1216
1217
1218
1220
1225
1227
1228
1229
1232
1239
1241
1244
1246
1248
1250
1251
1254
1255
1260
1265
1271
1273
1284
1286
1291
1294
1296
1303
1305
1316
1317
1322
1323
1326
1327
1329
1331
1333
1334
1337
1340
1347
1362
1363
1369
1371
1374
1376
1378
1379
1383
1384
1387
1388
1390
1392
1395
1396
1403
1405
1411
1414
1415
1417
1419
1420
1423
1428
1431
1434
1436
1439
1443
1454
1462
1466
1468
1469
1470
1475
1482
1485
1487
1488
1495
1506
1511
1512
1516
1517
1518
1522
1531
1539
1542
1545
1547
1552
1556
1558
1561
1564
1566
1567
1573
1588
1591
1592
1598
1600
1605
1606
1609
1615
1616
1626
1629
1631
1634
1638
1639
1643
1650
1655
1656
1660
1667
1669
1671
1674
1679
1682
1687
1688
1690
1691
1692
1693
1695
1697
1699
1702
1706
1707
1709
1710
1711
1715
1717
1720
1722
1736
1737
1739
1748
1751
1757
1758
1762
1763
1769
1770
1772
1774
1775
1777
1778
1781
1784
1792
1798
1799
1800
1801
1811
1814
1815
1818
1825
1829
1831
1832
1833
1838
1839
1848
1849
1851
1852
1857
1860
1862
1866
1867
1873
1876
1883
1885
1891
1892
1894
1898
1903
1908
1910
1913
1915
1919
1921
1925
1926
1927
1931
1936
1941
1942
1945
1952
1953
1954
1956
1957
1958
1961
1962
1963
1969
1970
1973
1980
1986
1988
1989
1994
1999
2000
2006
2008
2011
2012
2013
2018
2020
2023
2024
2028
2029
2038
2042
2046
2050
2053
2056
2060
2073
2076
2077
2078
2079
2080
2083
2088
2092
2100
2102
2107
2110
2111
2112
2113
2121
2123
2126
2132
2133
2134
2137
2138
2139
2140
2141
2142
2143
2144
2146
2149
2150
2156
2157
2160
2162
2163
2164
2165
2168
2169
2170
2178
2179
2181
2186
2187
2189
2194
2197
2199
2200
2201
2211
2212
2213
2222
2240
2247
2252
2253
2254
2255
2256
2257
2262
2263
2265
2267
2269
2270
2271
2275
2276
2280
2285
2287
2288
2290
2291
2292
2293
2296
2299
2301
2303
2304
2306
2307
2311
2312
2313
2314
2318
2323
2324
2328
2329
2347
2348
2359
2360
2364
2366
2368
2374
2379
2383
2387
2388
2390
2394
2395
2397
2400
2401
2402
2403
2405
2419
2420
2423
2425
2427
2432
2437
2439
2444
2445
2447
2448
2450
2456
2457
2459
2460
2461
2463
2464
2465
2467
2469
2471
2482
2483
2488
2490
2507
2518
2525
2540
2545
2546
2548
2550
2551
2552
2554
2559
2560
2563
2566
2567
2568
2570
2573
2576
2577
2578
2579
2583
2584
2585
2594
2597
2601
2602
2603
2608
2609
2614
2615
2617
2618
2620
2623
2624
2626
2628
2633
2636
2637
2641
2642
2650
2658
2659
2661
2666
2673
2674
2675
2678
2679
2683
2695
2696
2697
2698
2702
2705
2707
2708
2712
2713
2715
2719
2724
2727
2728
2732
2734
2737
2739
2750
2752
2753
2754
2756
2758
2761
2763
2773
2774
2779
2780
2781
2785
2788
2796
2806
2809
2811
2814
2816
2817
2818
2822
2823
2824
2825
2826
2829
2831
2834
2835
2838
2839
2841
2847
2848
2850
2851
2852
2853
2856
2859
2861
2862
2867
2868
2870
2872
2873
2874
2880
2889
2890
2891
2897
2898
2906
2910
2911
2917
2918
2920
2925
2929
2931
2935
2936
2938
2945
2947
2953
2955
2957
2961
2963
2965
2970
2971
2972
2976
2977
2982
2985
2986
2987
2988
2989
2991
2994
2995
2996
2997
2999
3007
3013
3019
3021
3022
3025
3028
3029
3031
3034
3036
3038
3044
3045
3046
3048
3049
3062
3063
3067
3069
3070
3073
3074
3078
3081
3083
3084
3087
3089
3091
3093
3100
3106
3107
3113
3114
3120
3123
3125
3134
3153
3154
3164
3173
3177
3178
3183
3185
3186
3187
3194
3195
3198
3200
3202
3212
3216
3217
3219
3226
3229
3231
3233
3234
3240
3241
3248
3249
3251
3256
3257
3259
3260
3261
3263
3266
3269
3273
3279
3285
3299
3305
3306
3307
3308
3309
3312
3319
3320
3324
3327
3336
3340
3348
3352
3353
3355
3362
3367
3373
3374
3380
3381
3382
3384
3386
3388
3389
3398
3401
3406
3407
3413
3421
3428
3430
3434
3435
3437
3443
3445
3446
3448
3449
3452
3453
3454
3456
3463
3466
3469
3471
3472
3476
3480
3481
3494
3495
3497
3517
3520
3528
3532
3535
3538
3541
3549
3550
3552
3554
3556
3558
3562
3566
3573
3579
3580
3583
3584
3585
3587
3589
3593
3594
3595
3596
3597
3598
3599
3600
3605
3606
3608
3610
3613
3619
3621
3622
3623
3627
3628
3631
3642
3643
3648
3652
3657
3662
3663
3665
3666
3670
3671
3672
3676
3679
3680
3681
3682
3686
3688
3689
3698
3699
3702
3706
3707
3711
3714
3716
3719
3721
3723
3728
3729
3732
3733
3737
3744
3748
3749
3752
3753
3755
3767
3770
3771
3779
3781
3783
3791
3798
3799
3800
3808
3811
3818
3823
3827
3828
3829
3830
3831
3832
3835
3836
3838
3842
3851
3854
3857
3858
3861
3863
3864
3867
3874
3876
3880
3882
3883
3887
3889
3890
3901
3906
3910
3912
3914
3916
3917
3918
3923
3924
3925
3928
3929
3931
3947
3949
3950
3955
3957
3971
3973
3977
3979
3986
3988
3990
3991
4000
4001
4002
4005
4007
4008
4010
4013
4015
4019
4024
4025
4027
4029
4031
4032
4034
4050
4053
4055
4062
4063
4070
4071
4073
4074
4077
4084
4086
4087
4091
4093
4096
4097
4102
4103
4105
4111
4114
4118
4120
4123
4124
4125
4127
4129
4130
4138
4142
4143
4144
4147
4152
4153
4156
4157
4159
4162
4163
4164
4169
4172
4175
4176
4183
4184
4188
4198
4199
4200
4201
4204
4206
4207
4208
4210
4211
4218
4221
4223
4226
4228
4237
4240
4242
4243
4246
4249
4259
4263
4269
4271
4272
4273
4274
4275
4276
4290
4292
4293
4294
4298
4306
4309
4311
4317
4321
4323
4324
4326
4330
4339
4340
4341
4342
4343
4345
4346
4351
4352
4356
4357
4359
4360
4367
4368
4372
4375
4377
4386
4391
4392
4393
4396
4397
4399
4400
4403
4407
4414
4418
4423
4426
4427
4428
4430
4432
4434
4437
4438
4441
4442
4445
4447
4456
4459
4463
4467
4471
4473
4477
4478
4482
4483
4484
4485
4486
4487
4489
4493
4497
4498
4499
4500
4501
4505
4506
4510
4516
4517
4518
4519
4520
4523
4524
4527
4531
4532
4534
4537
4539
4543
4551
4558
4560
4562
4564
4571
4576
4577
4578
4579
4582
4584
4586
4591
4592
4593
4594
4595
4597
4598
4599
4600
4601
4604
4613
4620
4621
4624
4625
4629
4633
4635
4638
4644
4645
4650
4651
4652
4653
4657
4658
4661
4662
4670
4671
4672
4674
4679
4686
4687
4692
4693
4695
4696
4697
4698
4699
4709
4710
4711
4714
4717
4718
4719
4721
4722
4723
4724
4727
4731
4736
4740
4741
4742
4747
4748
4751
4754
4762
4765
4769
4772
4774
4776
4779
